17676
0
30496
0
30340
29073
0
0
0
29073
29073
29073
0
29073
12876
0
0
0
0
12876
12876
200429
0
197328
0
0
14519
0
17676
39741
39741
12876
200429
0
39741
0
26496
0
18450
29066
0
0
0
26415
0
26496
60781
26101
26415
24940
197328
0
0
0
0
47869
0
0
30496
30496
46475
47869
41807
7835
47869
0
0
48131
38220
0
197328
0
34702
60781
0
60781
16578
197328
13301
60485
60485
48131
0
60781
60781
0
49544
26415
0
38220
0
197328
197328
0
48131
46573
0
15169
197328
63018
13335
0
0
263315
0
0
0
197328
49981
47869
197328
47869
0
39741
56067
47869
47869
47869
197328
47869
47869
0
47869
47869
47869
48131
197328
0
0
48131
0
0
55286
0
46475
46475
56067
0
47869
39741
0
0
0
0
26415
46475
0
48131
0
0
0
48131
60781
32489
0
46475
197328
0
46573
0
0
16276
63018
39741
29073
0
0
0
0
0
0
29073
0
0
0
0
0
0
0
0
327862
0
0
48131
26415
3266
46475
47869
0
17139
56694
8100
0
47869
39741
0
0
7835
0
46844
47869
46844
0
29066
39741
39741
39741
0
46844
62255
60781
29066
60781
60781
60781
43350
32489
0
26415
26415
26101
47869
36352
0
0
47869
47869
34702
49544
49544
0
0
0
0
34702
60781
60781
0
0
29066
0
0
200429
200429
0
55286
0
134121
27413
0
0
56067
0
47869
0
0
0
0
0
0
0
39741
30496
30496
43350
30496
30496
30496
30496
30496
13301
197328
47869
30496
30496
30496
0
0
47869
0
0
60781
197328
47869
29713
0
0
13335
47869
47869
0
43350
30496
47869
47869
0
0
49981
26415
197328
197328
26415
0
46475
13335
30496
56067
30496
47869
47869
47869
30496
47869
30496
0
0
30496
47869
13301
24940
29073
30496
197328
13335
197328
0
0
197328
48131
0
0
47869
0
0
0
30496
29713
55286
0
0
0
0
29073
29073
24940
29713
29073
197328
0
56067
0
0
197328
0
197328
197328
197328
197328
0
0
48131
26415
47869
18978
0
0
198310
0
30784
0
0
43350
0
197328
0
0
47869
197328
0
60781
60781
60781
0
47869
0
197328
48281
0
0
0
0
0
0
0
47869
30496
47869
47869
47869
29713
47869
47869
30496
30496
30496
0
0
0
0
0
0
197328
26415
13301
46573
58889
0
0
0
197328
197328
197328
197328
197328
30496
197328
197328
197328
197328
197328
197328
30496
197328
197328
197328
197328
197328
47869
30496
197328
197328
197328
197328
197328
30496
197328
29713
197328
197328
197328
197328
197328
197328
197328
197328
13301
0
197328
30496
29713
197328
197328
197328
30496
43350
13301
47869
197328
197328
197328
29713
15169
0
0
0
0
0
48131
48131
197328
0
197328
197328
37963
21840
0
26496
21100
0
30496
0
30496
0
200429
0
29713
29713
197328
197328
197328
197328
47869
30496
0
0
0
0
0
47869
27413
0
197328
197328
47869
197328
47869
197328
197328
197328
197328
0
26496
48131
43350
13301
0
0
47869
49981
0
39741
49544
0
0
26415
46475
0
0
0
0
197328
13335
19905
47869
48131
0
60781
0
0
0
0
24940
0
25369
29073
0
30496
197328
13335
0
29073
24940
29073
29073
0
0
50461
29073
29073
30496
29073
30496
30496
0
0
43350
0
48131
48131
0
0
56067
0
0
0
0
47869
47869
0
0
39741
29713
46844
197328
46573
47869
0
15169
56067
60485
0
13335
197328
0
10316
0
26415
133222
46573
46844
63018
16276
60781
60781
47869
0
17676
200429
17676
16276
46844
46562
0
46562
200429
200429
32489
46844
19194
54931
29073
200429
0
29073
0
16276
27413
197328
48131
0
0
47869
29073
200429
47869
48131
63018
0
29713
43350
0
24940
47869
0
0
0
0
26415
262267
0
200429
21100
13301
0
24940
24940
197328
197328
197328
48131
55286
29073
0
197328
35662
0
0
0
0
0
197328
197328
0
47869
197328
47869
197328
48131
29066
60781
0
48131
60781
19318
39741
0
60781
60781
60781
60781
60781
0
200429
46475
0
47869
0
197328
197328
197328
13301
197328
30479
0
46573
48131
39741
52055
29073
24940
200429
29073
29073
0
18866
0
0
48131
48131
29713
197328
32489
60781
60781
60781
0
60781
60781
60781
60781
60781
60781
60781
60781
60781
197328
60781
60781
60781
60781
60781
0
39741
0
47869
47869
0
0
0
0
60781
0
0
49544
197328
33387
46844
200429
200429
200429
0
63018
46844
29073
29073
197328
13301
47869
17676
46844
16276
16276
46844
46844
46844
60781
46844
46844
46844
46844
46844
16276
16276
33387
46844
0
60781
33387
46844
46844
46844
200429
46844
200429
60781
60781
200429
46475
60781
200429
60781
60781
16276
60781
60781
200429
7835
60781
200429
46844
60781
60781
60781
60781
60781
46844
200429
46844
46844
46844
200429
46844
200429
60781
60781
46844
46844
48131
0
0
30496
12876
0
30693
0
0
30479
47869
0
0
0
16276
0
0
0
17676
0
200429
0
29066
13147
46844
16276
46844
46844
0
16276
46844
33387
0
262267
0
0
0
0
24940
24940
29713
16276
26415
51430
0
26415
19905
47869
197328
197328
197328
197328
47869
0
197328
39741
197328
43350
197328
30496
30496
197328
30496
29713
29713
197328
30496
47869
43350
29713
13301
29713
29713
197328
29713
30496
43350
27413
43350
197328
197328
0
29066
12876
48131
26415
29713
0
0
0
0
0
39741
0
197328
13768
26415
26415
12876
32181
13335
47869
49981
47869
197328
13301
197328
47869
197328
197328
197328
197328
13301
197328
197328
47869
49981
13301
197328
30496
13301
47869
49981
49981
0
197328
0
18866
56067
0
47869
0
47869
49981
47869
49981
47869
13335
47869
0
47869
47869
47869
30496
16276
48131
0
197328
22612
0
29713
30496
200429
200429
0
174
30496
30496
263315
55286
0
41807
46562