28666
0
13335
26347
13237
19324
20013
53665
53665
20013
13335
0
46606
46606
0
20013
0
0
16276
16276
16276
6697
0
40975
20013
27715
26496
13237
53479
53479
36351
134121
51559
27257
134121
55711
55711
12824
0
0
0
9891
19905
19905
19905
19905
19905
19905
19905
24446
46606
13335
0
46606
20068
26496
46606
0
0
53755
0
7162
26496

0
197155

0
0
19905
19905
45731
50474
19905
26496
50474
26496
59396
823
48894
0
0
9009
56582

0
15967
43260
7506
45753
20013
24971
0
0
27257
20013
3595
26415
13335
20013
16509
46475
47583
0
47583
13237
8560
197226
8267
46606
0
45425
2116

0
21155
50474
53755
0
26496
20857
0
32475
23352
26415
26496
7160
0
50474
53665
12876
13335
26496
20013
0
13335
20773
0
19905
20013
20013
9280
46606
17451
19905
38283
44302
13768
20013
45425
21155
20738
13335
0
14618
13237
26496
27715
0
13237
0
32475
26496
26496
26496
26496
0
20860
0
0
12552
38719
27715
38930
201999
3561
42910
42910
0
0
0
42910
16509
13335
32613
0
0
9891
60781
60781
26496
0
24446
24446
0
0
36351
20860
132197
46606
198047
13335
20013
13335
13335
203148
13335
33322
56582
47583
15133
9371
0
0
13237
19551
26496
0
20738
0
26496
0
0
30060
9371
4618
46606
13335
46606
16125
0
56582
0
0
0

0
0
0
47583
47583
45352
47583
26496
26496
20013
0
0
54641
19905
8075
26496
0
46606
0

0
394695
42005
0
52270
19905
0
7162
0
13237
38955
0
0
0
37693
13237
0
41079
0
0
0
0
12824
0
46475
2715
0
0
0
20013
0
0
0
16276
9146
20013
0
4134
5483
16276
0
13237
0
0
0
0
0
15149
53755
60781
37153

0
54641
19171
20013
0
0
47583
0
36351
13335
20454
9832
13237
0
19905
31463
19905
19905
13237
13335
24446
0
31463
26496
20013
26496
26496
4812
47583
36351
32244
26496
20013
20013
33182
26496
26496
26496
46606
13335
26496
24768
13335
20013
26496
0
33494
13237
36351
30060
133618
133618
0
0
0
26496

0
40676
26496
4323
12824
46606
31815
47583
0
16509
30496
15169
8560
0
0
4837
26496
0
11042
33182
26496
6849
35470

0
14618
9050
6471
20013
26496
8342
0
0
20013
6471
20013
0
8607
26496
0
262247
8896

0
0
55660
32244
26496
20013

0

0
13237
0

0
26496
26496
0
13768
38731
58487

0
31148
20013
26496

0
19905
26496
20013
8342
26496
13335
0
33070
20013
20013
20013

0
24446
26496
53038
33070
0
26496
15149
15149
24940
12876
12876
12876
264649
32244
264649
24446
31815
0
0
26496
31863
33070
19871
26496
31815
20013
31624
20013
28299
26496
19318
26496
26496
33182
33182
13335
12824
20013
5483
5483
20013
31815
31815
16276
24138
55660
0
0
0
26496
30060
21155
4796
13335
13489
19905
4796
13489
20013
20013
20013
30060
27257
0
20013
46606
53831
58487
20616
20013
31863
2635
45899
17444
63949

0
13335
26496
13237
0
30060
0
33182
24961
14259
20013
20013
20454
26496
26496
26496
26496
26496
26496
26496
20013
26496
0
13287
33182
13335
33070
19905
46606
46606
26496
26496
19905
39392
13213
26496
26496
26496
33182
8342
51908
42612
20013
4589
26496
26496
26496
26496
26496
33494
33494
0
0
0
0
0
0
0
13147
26496
29854
26496
15244
6471
0
20013

0
0
13237
24446
28907
28907
14744
19551
20013
0

0
26496
32392
20013
33182
26496
0
0
31034
15169
55803
26496
11377
26496
25847
46606
20207
19066
55803
26496
26496
20013
0
20013
13335
30060
20013
0
55660
32244
6568
0
26496
0
47205
0
26496
0
26496
26496
19871
0
12353
30060
6983
6983
6983
6983
0
20013
16509
32475
33182
0
49204
19324
20013
39758
37385
14618
0
36943
20013
20207
12876
16347
34797
20013
20904

0
0
33182
46606
55803
197226
32244
0
19905
53038
26496
20013
36351
0
33494
34934
26496
26496
0
0
36351
44256
31034
20013
24940
263753
20013
45945
33182
45538
19318
264649
24400
26496
20013
0
0
0
26496
33182
0
0
0
0
0
0
0
0
26496
0
35415
13335
13335
20013
10098
36024
15085
17971
17971
0
33494
26496
26496
18978
0
29182
20860
0
0
0
0
0
0
0
29182
0
29182
29550
15133
0
46606
33494
26496
26496
33182
16276
26496
16397
20013
12876
47583
13147
29713
30148
394695
0
0
2116
26496
16509
31815
26496
394695
13237
26496
26496
0
0
6830
6830
20013
2116

0
26496
12824
13147
26496
36351
18229
26496
0
20013
20013
2116
20013
33182
0
29278
27647
27647
35041
0
52368
11042
13335
29097
0
55803
42910
3595
199061
39729
26496
0
32392
0
33182
16276
26415
15759
38197
29802
30060
26496
199061
32244
36444
26496
26496
26496
20013
0
31815
33182
56867
29873
22653
0
8342
26496
0
0
45899
24400
4538
0
12824
30148
26496
13335
26496
26496
26496
24940
6327
26496
26496
8342
8342
55293
26496
19318
0
55470
23352
13335
13335
13335
26496
12322
8342
26496
35415
13335
16347
12824
13335
31283
0
27823
27823
26496
7922
0
46606
46606
19551
19551
33182
54600
26496
26496
26496
47521
26496
8560
20013
20013
53665
15169
4796
26496
12824
32244
13335
26496
26496
11845
0
15694
46606
20013
26496
26496
0
19318
30060
30148
30148
0
57844
57844
43260
54641
26496
26496
51908
33182
20013
33182
5588
36351
54641
26496
45731
32244
26496
26496
26496
0
26496
63889
63889
26496
26496
63889
19905
13335
45031
36351
39758
34863
37963
20860
33182
22611
17444
19905
36943
26496
22611
19905
26496
26496
36943
0
26496
26496
13237
26496
26496
26496
26496
134379
26496
36444
19066
26496
0
9260
35041
19905
58477
22612
26496
33182
46606
26496
13237
0
33182
0
394695
40034
31815
9009
26496
0
40034
40034
53665
13237
9121
35415
394695
0
20013
26496
24446
24446
24446
24446
24446
15169
26496
32475
18978
394695
20013
0
21155
0
26496
2116
36024
26496
20013
45899
17451
13193
20013
45899
47583
41079
20857
37153
26496
31815
20013
31815
31815
31815
26496
26496
26496
30148
46606
53665
16509
16509
15149
13237
0

0
6568
19905
30060
53831
26496
0
26496
26496
33182
0
32244
33182
26496
33182
33182
49189
55293
55293
55293
55293
31229
55293
19271
32392
17971
0
0
22611
0
30447
26496
26496
26496
0
26496
26496
26496
63850
45538
52368
52368
45538
13335
22611
22611
36351
42910
45538
45538
0
45538
0
55660
20013
2639
45538
45538
0
0
0
33070
33070
26496
26496
29278
6568
8560
30083
16276
24446
24446
19905
0
19905
56254
20473
15694
15626

0
23352
26496
197328
26496
0
23352
0
26496
0
48689
24446
13147
36351
24940
32475
24446
24446
0
0
11042
0
0
0
0
9123
26496
48689
28666
16509
27640
0
0
0
9293
0
33182
33182
48689
0
26496
26496
24446
27257
24446
24446
24446
13335
0
0
25653
25653
25653
25653

0
16276
16509
26496
52030
26496
53665
20013
26496
26496
47583
6939
33182
26496
36351
26496
26496
0
0
0
19551
31034
30148
20013
0
9280
11042
19318
19318
14383
26496
54641
16276
24446
35041
39758
39758
39758
26496
31624
26496
24940
24940
55286
0
14618
16276
0
20013
32475
4837
15169
15169
15169
38511
0
55081
5578
40034
20013
46015
14618
24446
26496
26496
26496
24446
0
0
51559
51559
26496
26496
0
49335
49335
27357
27357
51559
16509
46606
23352
23352
17447
36444
36444
36444
46606
26496
26496
31624
31624
61718
55660
24446
0
33182
0
19871
26496
13335
13335
32613
6568
0
6568
20013
20013
262170
16397
20013
16509
26496
8342
7643
26496
21056
0
15967
46606
33182
33182
0
20013
15085
15085
19871
36351
36351
36351
36351
20013
26496
13213
15694
24446
51698
51698
0
22128
33182
55803
26496
26496
26496
13335
13335
33182
46606
46606
46606
46606
46606
27647
19066
20860
20860
20013
20013
603
41528
41528
41528
41528
262170
262170
12741
16276
32475
33182
1680
26496
16509
3215
46606
37693
20013
29017
26496
13335
16509
40034
40034
16509
30496
10316
20013
0
0
0
0
16276
63408
13335
30447

0
13237
30060
13237
203226
26496
53665
13237
33182
26496
15830
15830
24971
0
33182
33182
28299
40034
0
4796
0
26496
39756
32475
30060
19551
13335
13335
40034
19318
12876
13335
13776
0
15694
17447
32244
26496
40034
63408
4837
45671
5588
5588
19871
19871
46606
46606
46606
29302
29119
7489
13147
20013
30060
57746
26496
18747
18747
57746
57746
57746
14618
0
0
0
26496
1680
24940
24940
20013
40034
13213
32787
32787
32787
32787
32787
26496
32787
26496
32787
32787
40034
0
0
20860
20860
20860
20860
21740
40034
45538
26496
39451
17054
40034
6428
16509
6697
16397
26496
32392
26496
15169
24940
24482
60781
17971
17971
0
26496
0
26496
26496
26496
26496
26496
26496
1680
1680
3561
35908
35908
13335
20013
394695
394695
30902
26496
30902
30902
33494
30902
8075
35908
12400
26496
46606
30902
35908
26496
47583
24940
24940
26496
15133
4134
4134
26496
33182
33182
134121
1680
26496
26496
20013
26496
26496
19871
39758
54641
134121
134121
134121
47583
47583
26496
46562
12322
13335
57746
57746
21740
26496
37153
46261
26496
26496
13335
13335
38478
0
26496
26496
56485
26496
56485
26496
21155
33182
33182
13335
52270
26496
52270
52270
26496
62134

0

0
62134
394695
0
394695
56485
394695
394695
14117
14618
0
603
33182
36937
0
0
16347
57746
13335
0
3595
42927
17444
17444
12876
29017
29017
29017
26496
29017
29017
29017
33182
27715
0
29017
29017
26496
0
29017
0
36444
26496
26496
26496
13768
26496
0
8972
0
20473
16276
19324
19324
35415
26496
26496
26496
26496
40034
16347
0
0
34358
0
35041
45425
26496
26496
26496
26496
0
26496
40034
40034
35041
26496
26496
21056
37153
26496
25653
25653
33182
4134
26496
13147
198610
56485
26496
0
25653
23352
23352
19871
198414
198414
198414
198414
16276
15244
58879
58879
31148
55313
13335
31148
26496
19271
13213
20860
5588
16276
26496
19905
56485
0
0
33182
26496
13335
40676
0
0
134121
20013
25653
22611
19871
16276
13335
32475
5588
12874
23352
35041
40034
134121
26496
8426
26496
33182
26496
33182
46606
46606
17054
15694
26496
0
43754
30060
13237
0
26496
46606
38719
46606
46606
57746
57746
26496
13237
26496
26496
48716
33182
46606
46606
46606
26496
20013
33494
26496
48716
31727
16276
22611
198610
7393
7393
7393
57746
57746
7393
0
20207
0
0
26496
62121
33182
33182
33182
33182
33182
33182
45544
45544
57746
30060
26496
36351
0
0
29278
54641
26496
26496
26496
26496
26496
33182
26496
53665
15576
24940
28299
53665
13335
26496
46606
8075
46015
8426
24961
19867
20013
24940
49617
15694
0
0

0
54020
26496
57746
0
3595
3595
0
50939
20013
20013
6983
26496
131386
26496
26496
26496
25206
25206
25206
25206
25206
133731
55002
134238
33182
13768
14259
0
0
0
39122
53055
42695
26496
11831
17971
19318
20013
0
26496
26496
33494
27413
29873
40034
40034
33182
57746
22611
31815
31815
24940
22611
22611
11042
36351
26496
0
26496
29278
29278
46606
46606
0
20013
15830
20013
20013
0
0
0
0
13147
8426
49617
26496
26496
26496
26496
26496
31815
24940
0
33182
58621
8426
37963
55002
37963
37963
33182
33182
33182
32244
13335
0
0
0
40676
15169
11042
14618
25653
25653
0
37963
26094
20013
26496
0
24971
0
0
26094
55688
55688
134121
134121
26496
26094
134121
26496
52270
26094
26094
26496
36351
26496
26496
0
0
0
0
0
52270
26496
29278
26496
26496
0
33182
37963
37963
0
26496
26496
37963
33182
26496
0
0
10778
10778
10778
10778
10778
21840
26496
0
0
33182
29278
33182
29278
35041
25653
26496
16509
33070
26496
26496
13335
40034
26496
26496
47583
26496
22611

0
24446
13335
53665

0
39779
38283
29278
54600
0
40034

0
24446
9318
36024
30496
30496
26496
26496
49617
8048
0
33182
26496
41528
3242
29278
26496
55660
9280
37963
37963
37963
37963
37963
37963
37963
37963
42927
16509
49617
33182
26496
3242
21840
0
26496
26496
26496
29278
41528
22611
0
8685
26496
10778
29278
36024
20013
26094
26094
8972
26094
26094
26094
26094
26094
26094
26094
40034
26496
19318
0
19318
19318
29278
29278
16509
59491
37963
37963
37963
13237
28598
61998
8342
17054
17054
39020
17054
29278
53340
26496
32475
61998
0
0
0
29278
61998
61998
61998
17054
61998
0
20013
12824
61998
13335
27257
27257
27257
27257
27257
27257
27257
22611
0
36444
26496
0
36444
36444
36444
36444
36351
47583
20013
20013
13335
18978
36444
36444
8622
0
21740
26496
13335
38478
0
46606
0
47583
26496
20013
0
24446
26496
0
33182
0
0
26496
26496
26496
33182
20013
52862
52862
9009
9009
9009
26496
26496
29278
29278
29278
19318
55660
26496
17816
26496
26496
26496
52862
29278
33182
33182
9009
26496
26496
26496
33494
36057
0
0
26496
16276
26496
53055
26496
25653
25653
25653
25653
25653
25653
25653
25653
25653
26496
0
20013
0
198610
36057
25653
25653
13237
26496
26496
0
25653
0
0
26496
33182
26496
20013
32475
26496
33494
26496
20013
31815

0
14618
33494
198610
3327
20013
20013
51167
51167
51167
20013
0
0
0
0
55660
16276
16276
16276
55660
46606
28824
28824
26496
26496
13414
198610
3462
14259
26496
24446
30060
60778

0
21056
21056
29550
30148
30148
46606
21056
59684
0
0
0
0
63949
49929
27647
16276
0
62121
26347
21056
0
0
0
8167
29169
15694
19066
27647
27647
0
6428
0
6830
19551
16509
16509
16509
32475
36943
46549
0
3462
26496
49929
20013
16509
13768
26496
32475
12824
33182
26496
0
36024
26496
19871
26496
26496
20013
36024
36024
0
0
12824
12824
29278
29278
29278
29278
29278
29278
29278
29278
29278
0
0
29278
0
26496
20013
33182
26496
20013
29468
36943
8048
20013
0
20013
0
0
0
0
0
20013
20013
20013
0
0
394695
20013
26496
29278
20013
26496
0
12824
45903
7643
22611
13335
4837
4837
0
45903
45903
0
25653
25653
25653
25653
0
25653
25653
25653
25653
25653
25653
25653
12824
15169
55293
26496
26496
10843
13335
35041
0
0
26496
26496
54600
0
0
25653
55002
16509
20454
9009
62134
62134
62134
62134
26496
46652
7303
26496
20013
34984
20013
14618
198047
26496
20013
55286
26496
9009
16509
0
20013
20013
26496
26496
26496
26496
5588
26496
3595
26496
26496
26496
19905
20013
26496
26496
27647
16509
29854
198047
19905
26496
26496
21350
198047
15169
20013
46606
16509
16509
46562
5483
51167
8426
20013
26496
3595
48931
0
16276
19551
19551
26496
33182
26496
26496
12824
0
12824
29873
38197
5588
26496
36351
8972
20013
4795
62134
20013
20013
20013
20013
20013
0
46606
26496
26496
26496
26496
32475
0
17501
5588
0
0
16276
16276
0
0
24940
0
0
0
26496
26496
26496
62134
16276
16276
0
0
9009
0
53831
0
33182
20013
33182
20013
0
0
0
0
32475
16276
5588
5588
394695
262256
36024
40034
62134
62134
62134
62134
24940
24940
24940
38732
38732
26496
12824
42910
16509
26496
0
46606
33182
17501
26496
0
54600
26496
13335
26496
264649
33182
26496
32787
33182
33182
0
200552
20013
35041
26496
263753
26496
32475
14618
55660
40034
26496
0
0
26496
17054
26496
26496
26496

0
16509
0
16509
26496
26496
46606
4134
26496
20013
26496
14061
26496
45634
12824
53831
26496
4134
4134
0
21740
54290
26496
46562
26496
15311
15311
46606
46606
13335
13335
0
13335
38197
26496
15169
43754
26496
26496
20013
20013

0
134121
6697
20013
33182
11042
20013
32244
40034
40034
38197
46606
8591
36351
13237
26496
26496
27413
29169
13335
46606
26496
20013
26496
38197
23650
26496
20013
26496
17971
16276
33182
26496
0
26496
26496
26496
20013
8342
29873
4134
4134
0
6188
20013
26496
58621
26496
9929
5588
0
19871
13335
29873
32392
30060
20013
33322
33182
20013
35017
0
35017
35017
0
0
0
0
33182
26496
33182
0
5602
33322
30217
26496
26496
21840
21840
20013
0
0
26496
33182
19324
0
32748
50673
38197
26496
0
0
5602
33322
26496
20013
26496
38197
38197
26496
134121
26496
51468
35041
50673
26496
22612
20013
26496
50673
26496
26496
26496
51468
0
26496
26496
46606
6188
9009
26496
26496
26496
29219
29219
54290
9009
9009
20013
19905
51468
26496
56485
26496
20013
20013
0
0
0
0
33182
16083
16083
20013
33182
0
0
9381
33182
56485
56485
56301
36647
54290
16083
16083
16083
9009
9009
26496
26496
35041
20013
20013
35041
6188
51468
33182
0
20013
19551
37153
38197
20013
38197
26496
26496
29119
35041
20013
51540
39729
19318
19318
20013
20013
26496
6830
8075
26496
28299
12824
12824
9280
0
0
12824
19066
20013
26496
0
26496
26496
19066
26496
26496
33182
20013
26496
26496
21127
33070
18403
24940
24940
24940
26496
9280
133618
15830
11042
8342
26496
0
19551
33182
16509
24940
46606
25532
13147
26496
10439
24940
12824
0
19871
19871
3223
26496
26496
26496
26496
26496
20013
27647
19871
19871
1241
36057
36057
20013
20013
20013
26496
27647
19871
13335
20013
15169
15169
15169
40034
40034
20013
3242
9280
5588
27715
26228
20013
15510
11042
31815
12876
5588
5588
5588
5588
5588
31815
32244
20013
0
40034
0
15830
0
31815
33182
6713
26496
26496
20013
38197
38197
38197
26496
20013
31815
15169
46606
20013
12322
3242
0
20013
262256
20746
20746
19905
20746
26496
26496
26496
29182
20013
3242
0
0
22612
12874
0
0
0
20860
0
57030
394695
30633
16276
26496
26496
26496
26496
55660
26415
55660
0
0
0
26496
0
35041
20013
13147
20013
20013
26496
26496
40034
40034
40034
40034
40034
26496
20013
33182
0
42926
38197
26496
17444
17444
19310
57010
199081

0
13335
16509
"65040
"
0
12824
33182
46606
29422
26496
17971
26422
26422
36943
32015
16509
264649
45753
33182
29049
20013
24446
15510
15510
15510
15510
0
22878
0
0
21740
21740
16509
16509
16276

0
40034
55660
40034
22878
46606
22356
26496
26496
16276
16276
19905
16276
16276
46606
46606
26496
19905
20013
0
22356
55803
26496
36943
16509
26496
16276
38895

0
26496
20013
20013
20013
20013

0
20013
20013
20738
26496
20013
197695
20013
36057
36057
36057
36057
36057
36057
17216
13768
20013
20013
26496
26496
26496
26496
20013
45899
26496
26496
36057
38197
38197
38197
38197
38197
38197
38197
0
0
31624
26496
16509
4795
48594
53665

0

0

0

0
4766
36057
26496
26496
26496
14420
"65040
"
0
31034
20013
20013
20013
26496
26496
26496
26496
0
20013
46606
46606
36057
36057
36057
19551
26496
26496
36057
45753
24446
0
26496
26496
20013
22612
26496
26496
134121
54641
16626
13335
13213
3595
3595
48716
26496
26496
13335
26496
0
28299
0
20013
20013
20013
0
13213
33182
33182
20013
3595
26496
26496
48716
48716
0
0
0
15169
38197
38197
0
46606
46606
46606
20013
26496
26496
46562
42910
38197
46606
23352
26496
33182
55410
0
46606
38197
38197
26496
17501
38197
0
3595
15169
53665
198610
18747
26496
26496
16509
26496
14618
26496
14259
0
10105
0
0
0
26496
26496
20013
24446
33182
0
50673
14413
14413
50673
50673
26496
36057
36057
36057
26496
50673
32475
50673
26496
26496
50673
0
19905
26496
39758
26496

0
54945
26496
26496
26496
24446
19551
19551
19551
0
18747
46606
27647
20013
0
20773
26496
26496
6188
55803
0
26496
26496
20013
20013
11377
43350
43350
20013
38197
38197
20013
30148
0
0
17232
6188
17232
17232
24446
24446
24446
24446
20013
20013
48716
20013
26496
12824
0
32475
26496
20013
20013
20013
20013
8100
26496
26496
26496
13335
26496
26496
26496
26496
26496
26496
26496
26496
26496
22860
4134
13335
54994
55660
26496
20013
134121
134121
11042
26496
55803
30968
13335
20013
26496
31103
12824
50673
0
30968
0
32244
13335
13335
13335
198047
9121
20013
19994
22611
26496
10105
0
0
20013
51559
20013
26496
19994
8075
26496
0
0
17974
20013
26496
20013
6188
38197
19551
0
26496
20013
26496
10105
20013
0
34797
51557
13335
45459
0
24961
48716
0
26496
33182
26496
20013
26496
50673
35041
50673
50673
7552
20013
26496
6188
6188
6188
26496
26496
17971
17971
17971
48716
38532
26496
32475
3595
19551
0
33494
33494
51559
45459
33322
33322
33182
48716
32475
32475
38197
26496
26496
26496
26496
13335
51557
20013
4134
0
27640
27640
26496
20013
6188
45459
26496
51559
51559
16276
13335
26496
26496
29550
6188
0
26496
26496
48716
48716
3188
19551
35041
20013
35041
26496
26496
29854
26496
26496
40034
12874
26496
26496
51557
26496
26496
26496
11377
0
26496
27640
13335
20013
27640
9370
19271
13768
26496
26496
26496
16509
20013
20013
0
0
0
1680
1680
29854
0
13335
15169
26496
42926
0
0
51557
34797
19551
47583
47583
26496
26496
26496
17054
20013
13335
52270
20013
26496
20013
20013
0
0
394695
14618
0
0
6939
13335
0
13335
26496
36057
33494
33494
0
20860
20860
26496
26496
33182
33182
6471
17054
17054
33182
24446
26496
26496
0
0
38731
0
20013
26496
20013
20013
20013
0
0
0
20013
20013
20013
20013
20013
16276
16276
19551
16276
17444
5588
5588
5588
5588
5588
5588
5588
5588
16509
26496
26496
20013
20013
132318
26496
8426
26496
26496
0
26496
4583
26496
26496
0
20013
26496
53107
3786
38532
30447
18734
14618
44136
38732
26496
26496
26496
20013
26496
19905
20013
0
0
26496
26496
10297
26496
0
26496
26496
20013
26496
26496
26496
2905
26496
35041
20013
26496
13335
12513
20013
40034
26496
26496
26496
10297
26496
20013
52270
7552
0
0
51167
62214
62214
0
15169
5588
51542
26415
0
40034
40034
44256
26496
134121
20013
55293
55293
45753
26496
26496
42926
0
35041
35041
34797
35041
19551
19551
23352
33182
0
0
0
17054
26496
13335
20013
20013
0
26496
20013
0
0
36351
5588
5588
5588
11042
26496
26496
0
26496
26496
55410
33182
33494
33494
33494
31815
33494
34797
31815
16276
16276
46549
53665
57746
20013
17054
20013
20013
20013
20013
16276
26496
26496
20013
20013
35041
35041
35041
20013
20013
20013
20013
20013
20013
26496
20013
20013
20013
33070
26496
26496
32475
32475
26496
26496
20013
20013
13335
33182
26496
26496
15169
51167
31727
20013
20013
18747
18747
0
62214
62214
26496
46606
0
20013
20013
26496
0
20013
46606
11042
26496
26496
32244
0
17054
35041
15311
32244
35041
26496
26496
20013
26496
3595
0
0
16276
0
20013
20013
26496
0
26101
22561
46606
15133
14618
19994
7552
10881
198610
15169
15169
12824
12824
38895
26496
38895
16552
16552
15311
35041
26496
0
13335
20013
20013
264649
18747
16276
20013
20013
20013
26496
0
17054
17054
16509
16509
16276
16276
45753
14618
0
26496
26496
26496
26496
16276
16276
0
21155
21155
21155
21155
33494
33494
34797
17444
17444
26496
20013
20013
20013
0
40034
26496
40034
40034
40034
33182
26496
26496
26496
26496
26496
24446
20013
26496
16276
394695
20013
20013
26496
0
13335
13335
13335
17451
33494
8068
26496
26496
0
45638
4621
51908
51908
20013
0
20013
12824
26496
16552
16276
20013
0
0
0
16552
34619
43350
26496
26496
26496
55293
26496
0
26496
7941
7941
11831
46606
20013
20013
0
0
0
33182
0
55293
55293
20013
26496
26496
0
20013
26496
20013
20013
20013
20013
20013
0
20013
53107
26496
20013
26496
24446
19318
19318
20013
19318
19318
3188
26496
0
0
26496
26496
13335
6188
6188
26496
31815
31815
16509
22611
26496
26496
40034
394695
24446
26496
0
16276
26496
26496
38197
32475
0
0
20013
35041
35041
8560
0
0

0
38197
38197
8612
20013
20013
31727
8560
20013
26496
30496
51468
38478
26496
20013
20013
20013
8068
29329
29329
29017
16552
36444
40034
46549
26496
53831
46606
46606
15982
15982
33182
40034
40034
40034
20013
12874
36444
36444
34619
20013
46549
20013
31727
31727
26496
26496
20013
26496
20013
40034
40034
26496
3242
20013
26496
20013
26496
26496
26496
0
0
26496
26496
26496
29873
20013
26496
53107
53107
53107
36024
36024
16552
16552
16552
16552
16552
26496
13489
16509
0
46606
33182
26496
26496
20013
0
20013
0
6983
20013
15003
0
3242
3242
34119
13335
20013
26496
0
0
603
5588
0
0
0
0
34797
8560
20013
26496
26496
26496
26496
20013
20013
20013
20013
20013
13335
13335
15169
0
53667
20013
8100
26496
26496
20013
0
20013
24446
20013
20013
20013
11042
11042
0
12824
12824
33182
46549
36024
36024
36024
0
0
26496
26496
26496
26496
63408
63408
33182
26496
20013
20013
30148
30148
20013
53292
33182
0
0
0
0
30496
26496
26496
19905
13335
19905
19905
19905
0
26496
36444
36444
22611
51468
51468
20738
20013
53107
53107
20013
26496
26496
20013
36444
31727
26496
26496
0
0
0
0
14618
36024
0
36444
0
55660
30496
26496
26496
26496
26496
26496
13335
36444
36444
46606
33182
33182
36351
34934
26496
0
26496
26496
33182
32392
13213
26496
15169
8342
26496
26496
29182
26496
49126
26496
26496
26496
0
0
26496
26496
26496
26496
19905
26496